1e30	1e30	1295.51248	0.01921259	1.57079637	1.10714877	1791	2604
1e30	1e30	1003.24214	0.01921259	1.57079637	1.10714877	1791	2614
1e30	1e30	1087.0081	0.01921259	1.57079637	1.10714877	1791	2636
1e30	1e30	1278.66824	0.01921259	1.57079637	1.10714877	1791	2636
1e30	1e30	1285.04174	0.01921259	1.57079637	1.10714877	1791	2784
1e30	1e30	1050.58812	0.01921259	1.57079637	1.10714877	1791	2778
1e30	1e30	1269.10799	0.01921259	1.57079637	1.10714877	1791	2818
1e30	1e30	1132.98832	0.01921259	1.57079637	1.10714877	1791	2808
1e30	1e30	1002.33164	0.01921259	1.57079637	1.10714877	1791	2958
1e30	1e30	1290.95998	0.01921259	1.57079637	1.10714877	1791	2952
1e30	1e30	1284.13123	0.01921259	1.57079637	1.10714877	1791	3030
1e30	1e30	1102.94184	0.01921259	1.57079637	1.10714877	1791	3022
1e30	1e30	1129.80157	0.01921259	1.57079637	1.10714877	1791	3120
1e30	1e30	1238.60626	0.01921259	1.57079637	1.10714877	1791	3122
1e30	1e30	1195.81279	0.01921259	1.57079637	1.10714877	1791	3188
1e30	1e30	1001.8764	0.01921259	1.57079637	1.10714877	1791	3178
1e30	1e30	1218.12002	0.01921259	1.57079637	1.10714877	1791	3258
1e30	1e30	1143.91431	0.01921259	1.57079637	1.10714877	1791	3252
1e30	1e30	1019.17589	0.01921259	1.57079637	1.10714877	1791	3454
1e30	1e30	1177.60279	0.01921259	1.57079637	1.10714877	1791	3462
1e30	1e30	1179.280	0.01921259	1.57079637	1.10714877	1791	3522.04
1e30	1e30	1250.360	0.01921259	1.57079637	1.10714877	1791	3522.04