1e30	1e30	1296.45666	0.0193644	1.57079637	-0.46595708	2469	2800
1e30	1e30	1159.33327	0.0193644	1.57079637	-0.46595708	2475	2800
1e30	1e30	1149.35277	0.0193644	1.57079637	-0.46595708	2509	2800
1e30	1e30	1054.75499	0.0193644	1.57079637	-0.46595708	2505	2800
1e30	1e30	1002.24887	0.0193644	1.57079637	-0.46595708	2431	2800
1e30	1e30	1272.59026	0.0193644	1.57079637	-0.46595708	2419	2800
1e30	1e30	1003.11675	0.0193644	1.57079637	-0.46595708	2377	2800
1e30	1e30	1199.68921	0.0193644	1.57079637	-0.46595708	2385	2800
1e30	1e30	1028.28497	0.0193644	1.57079637	-0.46595708	2343	2800
1e30	1e30	1198.3874	0.0193644	1.57079637	-0.46595708	2351	2800
1e30	1e30	1270.85452	0.0193644	1.57079637	-0.46595708	2273	2800
1e30	1e30	1064.30155	0.0193644	1.57079637	-0.46595708	2267	2800
1e30	1e30	1286.9101	0.0193644	1.57079637	-0.46595708	2145	2800
1e30	1e30	1079.48927	0.0193644	1.57079637	-0.46595708	2157	2800
1e30	1e30	1213.14119	0.0193644	1.57079637	-0.46595708	2047	2800
1e30	1e30	1102.05388	0.0193644	1.57079637	-0.46595708	2047	2800
1e30	1e30	1101.18601	0.0193644	1.57079637	-0.46595708	2031	2800
1e30	1e30	1217.91447	0.0193644	1.57079637	-0.46595708	2033	2800
1e30	1e30	1116.80766	0.0193644	1.57079637	-0.46595708	1949	2800
1e30	1e30	1288.21192	0.0193644	1.57079637	-0.46595708	1943	2800
1e30	1e30	1003.55067	0.0193644	1.57079637	-0.46595708	1893	2800
1e30	1e30	1286.47617	0.0193644	1.57079637	-0.46595708	1883	2800
1e30	1e30	1124.61849	0.0193644	1.57079637	-0.46595708	1841	2800
1e30	1e30	1231.80038	0.0193644	1.57079637	-0.46595708	1849	2800
1e30	1e30	1126.78816	0.0193644	1.57079637	-0.46595708	1769	2800
1e30	1e30	1258.70434	0.0193644	1.57079637	-0.46595708	1775	2800

