1e30	1e30	1002.36217	0	0	0	1601	2700
1e30	1e30	1251.74346	0	0	0	1589	2700
1e30	1e30	1108.32397	0	0	0	1889	2700
1e30	1e30	1299.32498	0	0	0	1891	2700
1e30	1e30	1299.32498	0	0	0	1925	2700
1e30	1e30	1000	0	0	0	1919	2700
1e30	1e30	1169.74126	0	0	0	1947	2700
1e30	1e30	1080.65244	0	0	0	1951	2700
1e30	1e30	1180.87741	0	0	0	1973	2700
1e30	1e30	1274.69065	0	0	0	1967	2700
1e30	1e30	1000	0	0	0	2103	2700
1e30	1e30	1299.32498	0	0	0	2089	2700
1e30	1e30	1079.97753	0	0	0	2263	2700
1e30	1e30	1299.66244	0	0	0	2271	2700
1e30	1e30	1001.01236	0	0	0	2339	2700
1e30	1e30	1091.78852	0	0	0	2343	2700
1e30	1e30	1094.15069	0	0	0	2343	2700
1e30	1e30	1230.82111	0	0	0	2351	2700
1e30	1e30	1054.33071	0	0	0	2409	2700
1e30	1e30	1260.85482	0	0	0	2399	2700

