1e30	1e30	1023.45774	0.0193644	1.57079637	-0.46595708	2397	3000
1e30	1e30	1237.86586	0.0193644	1.57079637	-0.46595708	2404	3000
1e30	1e30	1003.55259	0.0193644	1.57079637	-0.46595708	2505	3000
1e30	1e30	1271.1663	0.0193644	1.57079637	-0.46595708	2520	3000
1e30	1e30	1033.92877	0.0193644	1.57079637	-0.46595708	2379	3000
1e30	1e30	1228.22247	0.0193644	1.57079637	-0.46595708	2370	3000
1e30	1e30	1033.08717	0.0193644	1.57079637	-0.46595708	2251	3000
1e30	1e30	1185.19485	0.0193644	1.57079637	-0.46595708	2255	3000
1e30	1e30	1009.12881	0.0193644	1.57079637	-0.46595708	2235	3000
1e30	1e30	1179.17054	0.0193644	1.57079637	-0.46595708	2241	3000
1e30	1e30	1190.0214	0.0193644	1.57079637	-0.46595708	2225	3000
1e30	1e30	1074.38318	0.0193644	1.57079637	-0.46595708	2221	3000
1e30	1e30	1260.35964	0.0193644	1.57079637	-0.46595708	2201	3000
1e30	1e30	1105.8582	0.0193644	1.57079637	-0.46595708	2187	3000
1e30	1e30	1263.16386	0.0193644	1.57079637	-0.46595708	2177	3000
1e30	1e30	1104.95967	0.0193644	1.57079637	-0.46595708	2179	3000
1e30	1e30	1001.38733	0.0193644	1.57079637	-0.46595708	2133	3000
1e30	1e30	1251.45336	0.0193644	1.57079637	-0.46595708	2114	3000
1e30	1e30	1081.88292	0.0193644	1.57079637	-0.46595708	1953	3000
1e30	1e30	1270.76815	0.0193644	1.57079637	-0.46595708	1949	3000
1e30	1e30	1023.35799	0.0193644	1.57079637	-0.46595708	1905	3000
1e30	1e30	1244.97944	0.0193644	1.57079637	-0.46595708	1897	3000
1e30	1e30	1266.17394	0.0193644	1.57079637	-0.46595708	1885	3000
1e30	1e30	1039.62091	0.0193644	1.57079637	-0.46595708	1878	3000
1e30	1e30	1033.81117	0.0193644	1.57079637	-0.46595708	1834	3000
1e30	1e30	1200.9695	0.0193644	1.57079637	-0.46595708	1836	3000
1e30	1e30	1200.9695	0.0193644	1.57079637	-0.46595708	1836	3000
1e30	1e30	1295.9695	0.0193644	1.57079637	-0.46595708	1842	3000
1e30	1e30	1038.00772	0.0193644	1.57079637	-0.46595708	1747	3000
1e30	1e30	1296.43851	0.0193644	1.57079637	-0.46595708	1749	3000
1e30	1e30	1065.0584	0.0193644	1.57079637	-0.46595708	1607	3000
1e30	1e30	1294.70481	0.0193644	1.57079637	-0.46595708	1587	3000
1e30	1e30	1204.680	0.0193644	1.57079637	-0.46595708	2331.62	2600
1e30	1e30	1285.600	0.0193644	1.57079637	-0.46595708	2323.3	2600
1e30	1e30	1184.960	0.0193644	1.57079637	-0.46595708	1683.52	2600
1e30	1e30	1284.640	0.0193644	1.57079637	-0.46595708	1686.3	2600
1e30	1e30	1166.200	0.0193644	1.57079637	-0.46595708	1700.16	2600
1e30	1e30	1249.080	0.0193644	1.57079637	-0.46595708	1702.94	2600
1e30	1e30	1249.080	0.0193644	1.57079637	-0.46595708	1702.94	2600
1e30	1e30	1285.600	0.0193644	1.57079637	-0.46595708	1693.24	2600
1e30	1e30	1135.600	0.0193644	1.57079637	-0.46595708	1993	2600
1e30	1e30	1253.040	0.0193644	1.57079637	-0.46595708	1991.62	2600
1e30	1e30	1192.840	0.0193644	1.57079637	-0.46595708	2295.62	2600
1e30	1e30	1284.640	0.0193644	1.57079637	-0.46595708	2306.7	2600