1e30	1e30	1074.78514	0.0193644	1.57079637	-0.46595708	1603	2900
1e30	1e30	1299.23544	0.0193644	1.57079637	-0.46595708	1609	2900
1e30	1e30	1298.70856	0.0193644	1.57079637	-0.46595708	1619	2900
1e30	1e30	1211.77358	0.0193644	1.57079637	-0.46595708	1623	2900
1e30	1e30	1275.52589	0.0193644	1.57079637	-0.46595708	1645	2900
1e30	1e30	1218.09612	0.0193644	1.57079637	-0.46595708	1643	2900
1e30	1e30	1132.21491	0.0193644	1.57079637	-0.46595708	1673	2900
1e30	1e30	1254.97763	0.0193644	1.57079637	-0.46595708	1669	2900
1e30	1e30	1279.21404	0.0193644	1.57079637	-0.46595708	1681	2900
1e30	1e30	1006.8178	0.0193644	1.57079637	-0.46595708	1691	2900
1e30	1e30	1199.65537	0.0193644	1.57079637	-0.46595708	1849	2900
1e30	1e30	1265.5152	0.0193644	1.57079637	-0.46595708	1847	2900
1e30	1e30	1299.76231	0.0193644	1.57079637	-0.46595708	1909	2900
1e30	1e30	1084.79583	0.0193644	1.57079637	-0.46595708	1917	2900
1e30	1e30	1003.12965	0.0193644	1.57079637	-0.46595708	1941	2900
1e30	1e30	1298.18167	0.0193644	1.57079637	-0.46595708	1947	2900
1e30	1e30	1297.12792	0.0193644	1.57079637	-0.46595708	2079	2900
1e30	1e30	1069.51636	0.0193644	1.57079637	-0.46595708	2087	2900
1e30	1e30	1056.34439	0.0193644	1.57079637	-0.46595708	2201	2900
1e30	1e30	1221.78428	0.0193644	1.57079637	-0.46595708	2193	2900
1e30	1e30	1046.3337	0.0193644	1.57079637	-0.46595708	2257	2900
1e30	1e30	1280.79468	0.0193644	1.57079637	-0.46595708	2275	2900
1e30	1e30	1054.76375	0.0193644	1.57079637	-0.46595708	2359	2900
1e30	1e30	1297.12792	0.0193644	1.57079637	-0.46595708	2367	2900
1e30	1e30	1048.44121	0.0193644	1.57079637	-0.46595708	2379	2900
1e30	1e30	1255.50451	0.0193644	1.57079637	-0.46595708	2379	2900
1e30	1e30	1238.11751	0.0193644	1.57079637	-0.46595708	2413	2900
1e30	1e30	1085.32271	0.0193644	1.57079637	-0.46595708	2405	2900
1e30	1e30	1035.26924	0.0193644	1.57079637	-0.46595708	2429	2900
1e30	1e30	1229.16057	0.0193644	1.57079637	-0.46595708	2439	2900
1e30	1e30	1027.89294	0.0193644	1.57079637	-0.46595708	2485	2900
1e30	1e30	1241.80566	0.0193644	1.57079637	-0.46595708	2491	2900

