1e30	1e30	1136.0001	0.0193644	1.57079637	-0.46595708	2035.48	2600
1e30	1e30	1264.0001	0.0193644	1.57079637	-0.46595708	2029.48	2600
1e30	1e30	1140.0001	0.0193644	1.57079637	-0.46595708	2005.48	2600
1e30	1e30	1260.0001	0.0193644	1.57079637	-0.46595708	2003.48	2600
1e30	1e30	1152.0001	0.0193644	1.57079637	-0.46595708	1886.48	2600
1e30	1e30	1280.0001	0.0193644	1.57079637	-0.46595708	1881.48	2600
1e30	1e30	1288.44143	0.0193644	1.57079637	-0.46595708	2479	2600
1e30	1e30	1179.5164	0.0193644	1.57079637	-0.46595708	2473	2600
1e30	1e30	1002.51322	0.0193644	1.57079637	-0.46595708	2447	2600
1e30	1e30	1180.36738	0.0193644	1.57079637	-0.46595708	2459	2600
1e30	1e30	1270.99641	0.0193644	1.57079637	-0.46595708	2435	2600
1e30	1e30	1151.43416	0.0193644	1.57079637	-0.46595708	2441	2600
1e30	1e30	1270.57092	0.0193644	1.57079637	-0.46595708	2417	2600
1e30	1e30	1131.4362	0.0193644	1.57079637	-0.46595708	2415	2600
1e30	1e30	1270.14543	0.0193644	1.57079637	-0.46595708	2383	2600
1e30	1e30	1132.71267	0.0193644	1.57079637	-0.46595708	2373	2600
1e30	1e30	1132.71267	0.0193644	1.57079637	-0.46595708	2365	2600
1e30	1e30	1265.89055	0.0193644	1.57079637	-0.46595708	2357	2600
1e30	1e30	1050.5934	0.0193644	1.57079637	-0.46595708	2321	2600
1e30	1e30	1253.1259	0.0193644	1.57079637	-0.46595708	2301	2600
1e30	1e30	1003.78968	0.0193644	1.57079637	-0.46595708	2187	2600
1e30	1e30	1282.4846	0.0193644	1.57079637	-0.46595708	2199	2600
1e30	1e30	1089.31285	0.0193644	1.57079637	-0.46595708	2241	2600
1e30	1e30	1252.70041	0.0193644	1.57079637	-0.46595708	2251	2600
1e30	1e30	1251.42394	0.0193644	1.57079637	-0.46595708	2235	2600
1e30	1e30	1150.58318	0.0193644	1.57079637	-0.46595708	2233	2600
1e30	1e30	1123.77741	0.0193644	1.57079637	-0.46595708	2085	2600
1e30	1e30	1291.41985	0.0193644	1.57079637	-0.46595708	2093	2600
1e30	1e30	1084.63248	0.0193644	1.57079637	-0.46595708	1863	2600
1e30	1e30	1251.84943	0.0193644	1.57079637	-0.46595708	1859	2600
1e30	1e30	1253.1259	0.0193644	1.57079637	-0.46595708	1841	2600
1e30	1e30	1087.18541	0.0193644	1.57079637	-0.46595708	1833	2600
1e30	1e30	1001.23675	0.0193644	1.57079637	-0.46595708	1653	2600
1e30	1e30	1294.82376	0.0193644	1.57079637	-0.46595708	1641	2600
1e30	1e30	1069.74038	0.0193644	1.57079637	-0.46595708	1621	2600
1e30	1e30	1271.4219	0.0193644	1.57079637	-0.46595708	1623	2600