1e30	1e30	1133.32597	0.01921259	1.57079637	1.10714877	2011	2764
1e30	1e30	1296.90652	0.01921259	1.57079637	1.10714877	2011	2764
1e30	1e30	1116.84111	0.01921259	1.57079637	1.10714877	2011	2698
1e30	1e30	1247.87463	0.01921259	1.57079637	1.10714877	2011	2692
1e30	1e30	1247.87463	0.01921259	1.57079637	1.10714877	2011	2648
1e30	1e30	1122.33606	0.01921259	1.57079637	1.10714877	2011	2642
1e30	1e30	1074.99492	0.01921259	1.57079637	1.10714877	2011	3016
1e30	1e30	1207.71919	0.01921259	1.57079637	1.10714877	2011	3010
1e30	1e30	1080.06719	0.01921259	1.57079637	1.10714877	2011	2980
1e30	1e30	1271.96788	0.01921259	1.57079637	1.10714877	2011	2988
1e30	1e30	1070.34535	0.01921259	1.57079637	1.10714877	2011	3078
1e30	1e30	1295.21577	0.01921259	1.57079637	1.10714877	2011	3074
1e30	1e30	1131.63522	0.01921259	1.57079637	1.10714877	2011	3144
1e30	1e30	1292.25695	0.01921259	1.57079637	1.10714877	2011	3140
1e30	1e30	1002.71515	0.01921259	1.57079637	1.10714877	2011	3174
1e30	1e30	1180.24442	0.01921259	1.57079637	1.10714877	2011	3184
1e30	1e30	1177.2856	0.01921259	1.57079637	1.10714877	2011	3192
1e30	1e30	1005.67396	0.01921259	1.57079637	1.10714877	2011	3196
1e30	1e30	1017.93194	0.01921259	1.57079637	1.10714877	2011	3508
1e30	1e30	1144.31588	0.01921259	1.57079637	1.10714877	2011	3516
1e30	1e30	1055.12855	0.01921259	1.57079637	1.10714877	2011	3286
1e30	1e30	1200.53349	0.01921259	1.57079637	1.10714877	2011	3284
1e30	1e30	1051.32435	0.01921259	1.57079637	1.10714877	2011	3264
1e30	1e30	1200.53349	0.01921259	1.57079637	1.10714877	2011	3272
1e30	1e30	1126.240	0.01921259	1.57079637	1.10714877	2011	2597.28
1e30	1e30	1271.320	0.01921259	1.57079637	1.10714877	2011	2590.98